0
48
144
224
368
432
448
416
320
224
96
-64
-208
-336
-464
-512
-528
-496
-416
-336
-176
-48
112
256
368
432
448
416
320
224
96
-64
-208
-336
-464
-512
-528
-496
-416
-336
-176
-48
112
256
368
432
464
432
336
240
112
-48
-192
-320
-480
-512
-528
-496
-416
-336
-176
-48
112
256
368
432
464
432
336
240
96
-64
-208
-336
-464
-512
-528
-496
-416
-336
-176
-48
112
256
368
432
448
416
320
224
96
-64
-192
-320
-448
-480
-512
-496
-432
-352
-208
-80
112
240
352
416
432
400
320
240
96
-64
-208
-336
-464
-512
-544
-512
-448
-352
-192
-64
96
240
352
416
464
432
352
256
112
-48
-192
-320
-448
-480
-512
-496
-432
-352
-192
-64
112
256
368
432
448
416
320
224
112
-48
-192
-320
-480
-512
-544
-512
-432
-336
-176
-48
96
240
352
416
464
432
352
256
112
-48
-208
-336
-448
-496
-512
-496
-416
-336
-176
-48
112
256
352
416
432
400
336
256
128
-32
-192
-320
-464
-496
-528
-512
-432
-336
-192
