0
3
8
14
23
26
29
27
23
15
7
-3
-13
-21
-29
-32
-35
-32
-29
-21
-12
-2
8
15
23
26
29
27
23
15
7
-3
-13
-21
-29
-32
-35
-32
-29
-21
-12
-2
8
15
23
26
29
27
23
15
7
-3
-13
-21
-29
-32
-35
-32
-29
-21
-12
-2
8
15
23
26
29
27
23
15
7
-3
-13
-21
-29
-32
-35
-32
-29
-21
-12
-2
8
15
23
26
29
27
23
15
7
-3
-13
-21
-29
-32
-35
-32
-29
-21
-14
-3
7
15
23
26
29
26
23
15
7
-3
-13
-21
-29
-32
-35
-33
-30
-22
-12
-2
8
15
23
26
29
27
23
16
7
-3
-13
-21
-29
-32
-35
-32
-29
-21
-13
-2
8
15
23
26
29
27
23
15
7
-3
-13
-21
-29
-32
-35
-33
-30
-22
-13
-3
7
15
23
26
29
27
23
16
7
-3
-13
-21
-29
-32
-35
-32
-29
-21
-12
-2
8
15
23
26
29
26
23
16
7
-3
-13
-21
-29
-32
-35
-33
-30
-22
-13
