0
32
96
192
320
352
384
320
288
128
32
-128
-288
-384
-480
-544
-544
-480
-448
-352
-224
-64
64
192
320
352
384
320
288
128
32
-128
-288
-384
-480
-544
-544
-480
-448
-352
-224
-64
64
192
320
352
384
320
288
128
64
-96
-224
-384
-480
-544
-544
-480
-448
-352
-224
-64
64
192
320
352
384
320
288
128
32
-128
-288
-384
-480
-544
-544
-480
-448
-352
-224
-64
64
192
320
352
384
320
288
128
32
-128
-256
-352
-448
-480
-544
-512
-448
-352
-224
-96
64
160
288
320
320
288
256
128
32
-128
-288
-384
-480
-544
-544
-512
-448
-352
-224
-64
64
160
320
352
384
320
288
160
32
-128
-256
-352
-448
-480
-544
-512
-448
-352
-224
-64
64
192
320
352
384
320
288
128
64
-96
-224
-384
-480
-544
-544
-512
-448
-320
-224
-64
64
160
320
352
384
320
288
160
32
-128
-288
-384
-480
-512
-544
-512
-448
-320
-224
-64
64
192
320
352
384
320
288
160
32
-128
-288
-384
-480
-512
-576
-512
-480
-320
-224
